[gd_scene load_steps=4 format=2]

[ext_resource path="res://DarkCity/Map/DarkCityMap.tscn" type="PackedScene" id=1]
[ext_resource path="res://DarkCity/Player/Player.tscn" type="PackedScene" id=2]
[ext_resource path="res://DarkCity/Target/Target.tscn" type="PackedScene" id=3]

[node name="World" type="Spatial"]

[node name="DarkCityMap" parent="." instance=ExtResource( 1 )]

[node name="Player" parent="." instance=ExtResource( 2 )]
transform = Transform( 1, 0, 0, 0, 1, 0, 0, 0, 1, 0, 204, 0 )

[node name="Target" parent="." instance=ExtResource( 3 )]
transform = Transform( -0.34202, 0, -0.939693, 0, 1, 0, 0.939693, 0, -0.34202, -84.8, 150, -15 )

[node name="Target2" parent="." instance=ExtResource( 3 )]
transform = Transform( 0.173648, 0, -0.984808, 0, 1, 0, 0.984808, 0, 0.173648, 7, 132.9, 87.1 )

[node name="Target3" parent="." instance=ExtResource( 3 )]
transform = Transform( 0.866025, 0, -0.5, 0, 1, 0, 0.5, 0, 0.866025, -69.9, 69, -43 )

[node name="Target4" parent="." instance=ExtResource( 3 )]
transform = Transform( 0.707107, 0, -0.707107, 0, 1, 0, 0.707107, 0, 0.707107, 77.5, 123.3, -81.8 )

[node name="Target5" parent="." instance=ExtResource( 3 )]
transform = Transform( 0.258819, 0, 0.965926, 0, 1, 0, -0.965926, 0, 0.258819, 78, 92, -3 )

[node name="Target6" parent="." instance=ExtResource( 3 )]
transform = Transform( 0.5, 0, -0.866025, 0, 1, 0, 0.866025, 0, 0.5, -34, 139, 9.3 )

[node name="Target7" parent="." instance=ExtResource( 3 )]
transform = Transform( 0.766044, 0, 0.642788, 0, 1, 0, -0.642788, 0, 0.766044, -71.9, 138.6, -71.8 )
