[gd_scene load_steps=13 format=3]

[ext_resource type="Script" path="res://addons/godot-xr-tools/objects/climbable.gd" id="1"]
[ext_resource type="Material" path="res://DarkCity/Materials/Metal.tres" id="2"]
[ext_resource type="Material" path="res://DarkCity/Materials/SkyScraper.tres" id="3"]
[ext_resource type="Material" uid="uid://bd8qrnrf6nod5" path="res://DarkCity/Materials/Concrete.tres" id="3_xksgo"]

[sub_resource type="BoxShape3D" id="1"]
size = Vector3(40, 160, 40)

[sub_resource type="BoxMesh" id="2"]
material = ExtResource("3")
size = Vector3(40, 160, 40)

[sub_resource type="BoxShape3D" id="4"]
size = Vector3(40, 4, 40)

[sub_resource type="BoxMesh" id="5"]
material = ExtResource("3_xksgo")
size = Vector3(40, 4, 40)

[sub_resource type="CylinderMesh" id="6"]
material = ExtResource("3_xksgo")
top_radius = 6.0
bottom_radius = 20.0
height = 20.0
radial_segments = 4
rings = 0

[sub_resource type="ConvexPolygonShape3D" id="7"]
points = PackedVector3Array(0, -10, -20, -20, -10, 0, 0, 0, -13.0031, 20, -10, 0, -13.0031, 0, 0, 0, -10, 20, 0, 10, -6.00235, 5.99843, 10, 0, -6.00235, 10, 0, 0, 10, 5.99843)

[sub_resource type="CylinderMesh" id="8"]
material = ExtResource("2")
bottom_radius = 2.0
height = 30.0
radial_segments = 4
rings = 0

[sub_resource type="ConvexPolygonShape3D" id="10"]
points = PackedVector3Array(-2, -15, 0, 0, -15, -2, 0, -15, 2, -1, 15, 0, 2, -15, 0, 0, 15, -1, 0, 15, 1, 1, 15, 0)

[node name="SkyScraper3" type="Node3D"]

[node name="Tower" type="StaticBody3D" parent="."]
transform = Transform3D(1, 0, 0, 0, 1, 0, 0, 0, 1, 0, 80, 0)
script = ExtResource("1")

[node name="CollisionShape3D" type="CollisionShape3D" parent="Tower"]
shape = SubResource("1")

[node name="MeshInstance3D" type="MeshInstance3D" parent="Tower"]
mesh = SubResource("2")

[node name="Roof" type="StaticBody3D" parent="."]
transform = Transform3D(1, 0, 0, 0, 1, 0, 0, 0, 1, 0, 162, 0)
script = ExtResource("1")

[node name="CollisionShape3D" type="CollisionShape3D" parent="Roof"]
shape = SubResource("4")

[node name="MeshInstance3D" type="MeshInstance3D" parent="Roof"]
mesh = SubResource("5")

[node name="Mast" type="StaticBody3D" parent="."]
transform = Transform3D(1, 0, 0, 0, 1, 0, 0, 0, 1, 0, 164, 0)
script = ExtResource("1")

[node name="MeshInstance3D" type="MeshInstance3D" parent="Mast"]
transform = Transform3D(0.707107, 0, -0.707107, 0, 1, 0, 0.707107, 0, 0.707107, 0, 10, 0)
mesh = SubResource("6")

[node name="CollisionShape3D" type="CollisionShape3D" parent="Mast"]
transform = Transform3D(0.707107, 0, -0.707107, 0, 1, 0, 0.707107, 0, 0.707107, 0, 10, 0)
shape = SubResource("7")

[node name="Mast2" type="StaticBody3D" parent="."]
transform = Transform3D(1, 0, 0, 0, 1, 0, 0, 0, 1, 0, 164, 0)
script = ExtResource("1")

[node name="MeshInstance3D" type="MeshInstance3D" parent="Mast2"]
transform = Transform3D(0.707107, 0, -0.707107, 0, 1, 0, 0.707107, 0, 0.707107, 0, 35, 0)
mesh = SubResource("8")

[node name="CollisionShape3D" type="CollisionShape3D" parent="Mast2"]
transform = Transform3D(0.707107, 0, -0.707107, 0, 1, 0, 0.707107, 0, 0.707107, 0, 35, 0)
shape = SubResource("10")
